5
2
12
11
11
00
00
00
00
00
00
00
00
00
00
00
00
00
00
11
10
00
00
00
00
00
00
00
00
00
00
00
00
00
00
01
11
00
00
00
00
00
00
00
00
00
00
00
00
00
00
11
00
00
00
00
00
00
00
00
00
00
00
00
00
00
00
10
01
00
00
00
00
00
00
00
00
00
00
00
00
00
00
01
10
00
00
00
00
00
00
00
00
00
00
00
00
00
00
11
11
00
00
00
00
00
00
00
00
00
00
00
00
00
00
11
10
00
00
00
00
00
00
00
00
00
00
00
00
00
00
01
11
00
00
00
00
00
00
00
00
00
00
00
00
00
00
11
00
00
00
00
00
00
00
00
00
00
00
00
00
00
00
10
01
00
00
00
00
00
00
00
00
00
00
00
00
00
00
01
10
00
00
00
00
00
00
00
00
00
00
00
00
00
00
